n=7
V=[0, 1, 2, 3, 4, 5, 6]
total successes of this branch: 1
Matrix on 7 elements:

0    0.00000000  1.40498857  1.06396320  1.30261534  1.37360856  1.30204727  1.39024436
1    1.40498857  0.00000000  1.07862423  0.60685928  0.43714000  0.60798224  0.20839392
2    1.06396320  1.07862423  0.00000000  0.87625396  1.01659257  0.87485009  1.04947805
3    1.30261534  0.60685928  0.87625396  0.00000000  0.53184094  0.28788227  0.57161118
4    1.37360856  0.43714000  1.01659257  0.53184094  0.00000000  0.53299482  0.23440388
5    1.30204727  0.60798224  0.87485009  0.28788227  0.53299482  0.00000000  0.57274867
6    1.39024436  0.20839392  1.04947805  0.57161118  0.23440388  0.57274867  0.00000000

--------------------------------------------------------------------------------
n=6
(result of R-step: (1,4:6)0.53014025)
V=[0, 1, 2, 3, 4, 5]
total successes of this branch: 1
Matrix on 6 elements:

0    0.00000000  1.40215967  1.06396320  1.30261534  1.37077966  1.30204727
1    1.40215967  0.00000000  1.07579533  0.60403037  0.43148219  0.60515334
2    1.06396320  1.07579533  0.00000000  0.87625396  1.01376367  0.87485009
3    1.30261534  0.60403037  0.87625396  0.00000000  0.52901204  0.28788227
4    1.37077966  0.43148219  1.01376367  0.52901204  0.00000000  0.53016592
5    1.30204727  0.60515334  0.87485009  0.28788227  0.53016592  0.00000000

--------------------------------------------------------------------------------
n=5
(result of R-step: (2,3:5)0.00238035)
V=[0, 1, 2, 3, 4]
total successes of this branch: 1
Matrix on 5 elements:

0    0.00000000  1.40215967  0.92072401  1.15937615  1.37077966
1    1.40215967  0.00000000  0.93255613  0.46079118  0.43148219
2    0.92072401  0.93255613  0.00000000  0.58977557  0.87052448
3    1.15937615  0.46079118  0.58977557  0.00000000  0.38577285
4    1.37077966  0.43148219  0.87052448  0.38577285  0.00000000

--------------------------------------------------------------------------------
n=4
(result of R-step: (1,3:4)0.69347445)
V=[0, 1, 2, 3]
total successes of this branch: 1
Matrix on 4 elements:

0    0.00000000  1.22392773  0.92072401  1.12155451
1    1.22392773  0.00000000  0.75432420  0.24473761
2    0.92072401  0.75432420  0.00000000  0.55195393
3    1.12155451  0.24473761  0.55195393  0.00000000
