n=7
V=[0, 1, 2, 3, 4, 5, 6]
total successes of this branch: 1
Matrix on 7 elements:

0    0.00000000  0.69851738  0.68512212  0.69126837  0.41972187  0.69106704  0.04832030
1    0.69851738  0.00000000  0.65577088  0.55888440  0.68383820  0.56205803  0.69795806
2    0.68512212  0.65577088  0.00000000  0.54150113  0.68365401  0.53372651  0.67667939
3    0.69126837  0.55888440  0.54150113  0.00000000  0.68464671  0.31192779  0.68930873
4    0.41972187  0.68383820  0.68365401  0.68464671  0.00000000  0.68461420  0.42317530
5    0.69106704  0.56205803  0.53372651  0.31192779  0.68461420  0.00000000  0.68900831
6    0.04832030  0.69795806  0.67667939  0.68930873  0.42317530  0.68900831  0.00000000

--------------------------------------------------------------------------------
n=6
(result of R-step: (0,2:6)0.98691547)
V=[0, 1, 2, 3, 4, 5]
total successes of this branch: 1
Matrix on 6 elements:

0    0.00000000  0.67857859  0.64524454  0.67132958  0.39978308  0.67112825
1    0.67857859  0.00000000  0.63583209  0.55888440  0.68383820  0.56205803
2    0.64524454  0.63583209  0.00000000  0.52156234  0.66371522  0.51378773
3    0.67132958  0.55888440  0.52156234  0.00000000  0.68464671  0.31192779
4    0.39978308  0.68383820  0.66371522  0.68464671  0.00000000  0.68461420
5    0.67112825  0.56205803  0.51378773  0.31192779  0.68461420  0.00000000

--------------------------------------------------------------------------------
n=5
(result of R-step: (0,1:4)0.94998144)
V=[0, 1, 2, 3, 5]
total successes of this branch: 1
Matrix on 5 elements:

0    0.00000000  0.29347468  0.46266198  0.48874702  0.48854569
1    0.29347468  0.00000000  0.43331075  0.35636305  0.35953668
2    0.46266198  0.43331075  0.00000000  0.52156234  0.51378773
3    0.48874702  0.35636305  0.52156234  0.00000000  0.31192779
5    0.48854569  0.35953668  0.51378773  0.31192779  0.00000000

--------------------------------------------------------------------------------
n=4
(result of R-step: (2,3:5)0.03275619)
V=[0, 1, 2, 3]
total successes of this branch: 1
Matrix on 4 elements:

0    0.00000000  0.29347468  0.33052418  0.33667043
1    0.29347468  0.00000000  0.30117295  0.20428646
2    0.33052418  0.30117295  0.00000000  0.23734795
3    0.33667043  0.20428646  0.23734795  0.00000000
